[
[ 2080, 2771, 8592, 13660, 16046, 19066, 20148, 26889, 35113, 42530, 43386, 45156, 49150, 54233, 54287, 56213, 64686, 68635, 79926, 86115, 97845],
[ 2080, 2771, 8592, 13660, 16046, 19066, 20148, 20523, 26889, 35113, 37454, 42530, 43386, 45156, 49150, 54233, 54281, 54287, 56213, 64686, 67026, 68635, 79926, 86115, 91656, 97845],
[ 2080, 2771, 8592, 13660, 16046, 19066, 20148, 20523, 22051, 24360, 26889, 29679, 35113, 37454, 40756, 42530, 43386, 45156, 47340, 48213, 49150, 52124, 54233, 54281, 54287, 56213, 61366, 64686, 67026, 68635, 74309, 79418, 79926, 86115, 91656, 92451, 97845],
[ 2080, 2771, 8592, 11155, 13660, 16046, 19066, 20148, 20523, 22051, 24360, 26889, 29679, 35113, 37454, 38932, 40756, 41844, 42530, 43386, 43522, 45156, 47340, 48213, 49150, 52124, 54233, 54281, 54287, 56213, 61366, 64686, 65046, 67026, 68635, 68753, 74309, 78052, 79418, 79926, 86115, 91656, 92451, 97845],
[ 2080, 2771, 8592, 9232, 11155, 13660, 16046, 19066, 20148, 20523, 22051, 24360, 26889, 29679, 35113, 37454, 37703, 38932, 40756, 41844, 42530, 43386, 43522, 44799, 45156, 47340, 48213, 49150, 52124, 53877, 54233, 54281, 54287, 56213, 60386, 61366, 64686, 65046, 67026, 68635, 68753, 74309, 78052, 79418, 79926, 86115, 91656, 92451, 92538, 97845, 98325],
[ 2080, 2771, 7290, 8592, 9232, 9963, 11155, 11654, 12152, 13660, 16046, 19066, 19695, 20148, 20523, 22051, 24360, 26889, 29679, 29763, 30371, 35113, 37454, 37703, 38932, 40756, 41844, 42530, 43386, 43522, 44799, 45156, 47340, 48213, 49150, 52124, 53877, 54233, 54281, 54287, 56059, 56213, 60386, 61366, 64686, 65046, 66735, 67026, 68635, 68753, 69669, 70492, 74309, 76269, 78052, 79418, 79926, 85575, 86115, 91656, 92451, 92538, 97845, 98325],
[ 2080, 2771, 7290, 8592, 8914, 9232, 9963, 11155, 11156, 11654, 12152, 13660, 16046, 19066, 19695, 20148, 20523, 22051, 24360, 26889, 29679, 29763, 30371, 33036, 34103, 35113, 36054, 37454, 37703, 38756, 38932, 40756, 41844, 42530, 43386, 43522, 44731, 44799, 45156, 47340, 47833, 48213, 49150, 51674, 52124, 53877, 54233, 54281, 54287, 56059, 56213, 60386, 61366, 63744, 64686, 65046, 66735, 67026, 68635, 68753, 69669, 70492, 73189, 74002, 74309, 76269, 78052, 79418, 79926, 85575, 86115, 91656, 92451, 92538, 94544, 97845, 98325],
[ 403, 2080, 2771, 7290, 8592, 8914, 9228, 9232, 9963, 11155, 11156, 11654, 12152, 13660, 16046, 19066, 19695, 20148, 20523, 22051, 24295, 24360, 26889, 29140, 29679, 29763, 30371, 33036, 34103, 35113, 36054, 37454, 37703, 38756, 38932, 40756, 41844, 42530, 43386, 43522, 44731, 44799, 45156, 47340, 47833, 48213, 49150, 51674, 52124, 53877, 54233, 54281, 54287, 56059, 56213, 59807, 60240, 60386, 61366, 63744, 64686, 65046, 66465, 66735, 67026, 68047, 68635, 68753, 69669, 70492, 72511, 72770, 73189, 74002, 74309, 76269, 78052, 79418, 79926, 81047, 85575, 86115, 91656, 92451, 92538, 94544, 97845, 98325],
[ 403, 2080, 2771, 3014, 4127, 7290, 8351, 8592, 8914, 9228, 9232, 9963, 11155, 11156, 11654, 12152, 13660, 16046, 16901, 19066, 19695, 20148, 20523, 22051, 24295, 24360, 26889, 29140, 29679, 29763, 30371, 33036, 33608, 34103, 34133, 35113, 36054, 37101, 37454, 37703, 38756, 38932, 39536, 40756, 41844, 42530, 43243, 43386, 43522, 44731, 44799, 45156, 47340, 47833, 48213, 49150, 51674, 52007, 52124, 53877, 54233, 54281, 54287, 56059, 56213, 57038, 59301, 59714, 59807, 60240, 60386, 61366, 62735, 63744, 64686, 65046, 66465, 66735, 67026, 68047, 68635, 68753, 69669, 70492, 72511, 72770, 73189, 74002, 74309, 76269, 78052, 79034, 79418, 79926, 80368, 81047, 83934, 85575, 86115, 91656, 92451, 92481, 92538, 94544, 97845, 98325, 98632],
[ 403, 2080, 2771, 3014, 4127, 7290, 8351, 8592, 8914, 9228, 9232, 9963, 11155, 11156, 11654, 12152, 13004, 13660, 15140, 16046, 16901, 19066, 19695, 19778, 20148, 20523, 22051, 24295, 24360, 26889, 29140, 29679, 29763, 30371, 31389, 32299, 33036, 33608, 34103, 34133, 35113, 36054, 37101, 37454, 37703, 38756, 38932, 39536, 40756, 41844, 42530, 43243, 43386, 43522, 44731, 44799, 45156, 47340, 47833, 48213, 49150, 51299, 51396, 51674, 52007, 52124, 53877, 54233, 54281, 54287, 56059, 56213, 56363, 57038, 57696, 59301, 59714, 59807, 60240, 60386, 61366, 62735, 63744, 64686, 65046, 65984, 66465, 66735, 67026, 68047, 68635, 68753, 69669, 70492, 72511, 72770, 73189, 74002, 74309, 76269, 78052, 79034, 79418, 79926, 80368, 81047, 83934, 85575, 86115, 89139, 91656, 92451, 92481, 92538, 94401, 94544, 94717, 97845, 98325, 98632],
[ 403, 2080, 2771, 3014, 4127, 7290, 8245, 8351, 8592, 8914, 9228, 9232, 9963, 11155, 11156, 11654, 12152, 13004, 13660, 15140, 16046, 16901, 19066, 19695, 19778, 20148, 20523, 22051, 23366, 24295, 24360, 26732, 26889, 28972, 29140, 29679, 29763, 30371, 31389, 32299, 33036, 33608, 34103, 34133, 35113, 36054, 37101, 37454, 37703, 38756, 38932, 39536, 40756, 41844, 42530, 43243, 43386, 43522, 44731, 44799, 45156, 46935, 47340, 47833, 48213, 49150, 51299, 51396, 51431, 51674, 52007, 52124, 53877, 54233, 54281, 54287, 54591, 56059, 56213, 56363, 57038, 57696, 58164, 59301, 59714, 59807, 60240, 60386, 61366, 62735, 63744, 64686, 65046, 65984, 66465, 66735, 67026, 68047, 68635, 68753, 69669, 70492, 72511, 72770, 73189, 74002, 74309, 76269, 78052, 79034, 79418, 79926, 80368, 81047, 83934, 84092, 85575, 86115, 89139, 91656, 92451, 92481, 92538, 94401, 94544, 94717, 97845, 98325, 98632],
[ 403, 2080, 2726, 2771, 3014, 4127, 7290, 8245, 8351, 8592, 8914, 9228, 9232, 9963, 9969, 11155, 11156, 11654, 12152, 13004, 13660, 15140, 16046, 16901, 19066, 19695, 19778, 19836, 20148, 20523, 22051, 23366, 24295, 24360, 26732, 26889, 28589, 28972, 29140, 29679, 29763, 30371, 31389, 32299, 33036, 33608, 34103, 34133, 35113, 36054, 37101, 37454, 37703, 38756, 38932, 39536, 40205, 40612, 40756, 41844, 42530, 43243, 43386, 43522, 43791, 44731, 44799, 45156, 46935, 47340, 47833, 48213, 49150, 49350, 51299, 51396, 51431, 51674, 52007, 52124, 53877, 54233, 54281, 54287, 54591, 56059, 56213, 56363, 57038, 57696, 58164, 59301, 59714, 59807, 60240, 60386, 61366, 62735, 63744, 64686, 65046, 65984, 66465, 66735, 67026, 68047, 68635, 68753, 69669, 70492, 72511, 72770, 73189, 74002, 74309, 76269, 78052, 79034, 79418, 79926, 80368, 81047, 83934, 84092, 85575, 86115, 89139, 91656, 92451, 92481, 92538, 93159, 94401, 94544, 94717, 97845, 98325, 98632],
[ 403, 2080, 2726, 2771, 3014, 4127, 7290, 8245, 8351, 8592, 8914, 9228, 9232, 9963, 9969, 9994, 11155, 11156, 11654, 12152, 13004, 13660, 15140, 16046, 16901, 19066, 19695, 19778, 19836, 19918, 20148, 20523, 22051, 23366, 24295, 24360, 26732, 26889, 28589, 28972, 29140, 29679, 29763, 30371, 31389, 32299, 33036, 33608, 34103, 34133, 35113, 36054, 37101, 37454, 37703, 38756, 38932, 39536, 40205, 40612, 40756, 41844, 42530, 43243, 43386, 43522, 43791, 44731, 44799, 45156, 46935, 47340, 47833, 48213, 49150, 49350, 51299, 51396, 51431, 51674, 52007, 52124, 53877, 54233, 54281, 54287, 54591, 56059, 56213, 56363, 57038, 57696, 58109, 58164, 59301, 59714, 59807, 60240, 60386, 61366, 62735, 63744, 64686, 65046, 65984, 66465, 66735, 67026, 68047, 68635, 68753, 69588, 69669, 70492, 71234, 72463, 72511, 72770, 73189, 74002, 74309, 76269, 78052, 79034, 79418, 79926, 80368, 81047, 83934, 84092, 85575, 86115, 89139, 91656, 92197, 92451, 92481, 92538, 93159, 94401, 94544, 94717, 96428, 97845, 98325, 98632],
[ 403, 2080, 2726, 2771, 3014, 4127, 7290, 8245, 8351, 8592, 8914, 9228, 9232, 9963, 9969, 9994, 11155, 11156, 11654, 12152, 13004, 13660, 15140, 16046, 16901, 19066, 19695, 19778, 19836, 19918, 20148, 20523, 22045, 22051, 23366, 24295, 24360, 26732, 26889, 27848, 28458, 28589, 28972, 29140, 29679, 29763, 30238, 30371, 31389, 32299, 33036, 33608, 34103, 34133, 35113, 36054, 37101, 37454, 37703, 38756, 38932, 39511, 39536, 40205, 40612, 40756, 41844, 42530, 43243, 43386, 43522, 43597, 43791, 44731, 44799, 45156, 46935, 47340, 47833, 48213, 49150, 49350, 51299, 51396, 51431, 51674, 52007, 52124, 53877, 54233, 54281, 54287, 54591, 55061, 55574, 56059, 56213, 56363, 57038, 57696, 58109, 58164, 59301, 59714, 59807, 60240, 60386, 61366, 61889, 62735, 63744, 64686, 65046, 65984, 66465, 66735, 67026, 68047, 68635, 68753, 69588, 69669, 70492, 71234, 72463, 72511, 72770, 73189, 74002, 74309, 76269, 78052, 79034, 79418, 79926, 80368, 81047, 83045, 83086, 83934, 84092, 84384, 85575, 86115, 89139, 91071, 91656, 92197, 92451, 92481, 92538, 93159, 94401, 94544, 94717, 96428, 97845, 98325, 98632],
[ 403, 1149, 2080, 2726, 2771, 3014, 4127, 7290, 8245, 8351, 8592, 8914, 9228, 9232, 9963, 9969, 9994, 11155, 11156, 11654, 12152, 13004, 13660, 15140, 16046, 16901, 19066, 19695, 19778, 19836, 19918, 20148, 20523, 22045, 22051, 23366, 23889, 24295, 24360, 26732, 26889, 27848, 28458, 28589, 28972, 29140, 29679, 29763, 30238, 30371, 31389, 32145, 32299, 33036, 33608, 34103, 34133, 35113, 36054, 37101, 37454, 37703, 38756, 38932, 39511, 39536, 40205, 40612, 40756, 41844, 42530, 43243, 43386, 43522, 43597, 43791, 44731, 44799, 45156, 46935, 47340, 47833, 48213, 49150, 49350, 50396, 51299, 51396, 51431, 51674, 52007, 52124, 53877, 54233, 54281, 54287, 54591, 55061, 55574, 56059, 56213, 56363, 56802, 57038, 57696, 58109, 58164, 59301, 59714, 59807, 60240, 60386, 61366, 61889, 62735, 63744, 64686, 65046, 65984, 66465, 66735, 67026, 68047, 68635, 68753, 69588, 69669, 70492, 71234, 72463, 72511, 72770, 73189, 74002, 74309, 76269, 78052, 79034, 79418, 79926, 80368, 81047, 83045, 83086, 83934, 84092, 84384, 85575, 85908, 86115, 89139, 91071, 91656, 92197, 92451, 92481, 92538, 93159, 94401, 94544, 94717, 96428, 97845, 98325, 98632],
[ 403, 1149, 2080, 2726, 2771, 3014, 4127, 5326, 7290, 8245, 8351, 8432, 8592, 8914, 9228, 9232, 9963, 9969, 9994, 11155, 11156, 11284, 11495, 11654, 12152, 13004, 13660, 15140, 16046, 16901, 19066, 19695, 19778, 19836, 19918, 20148, 20523, 21560, 22045, 22051, 23366, 23889, 24295, 24360, 25020, 26649, 26732, 26889, 27848, 28458, 28589, 28972, 29140, 29679, 29763, 30238, 30371, 31389, 32145, 32299, 33036, 33608, 34103, 34133, 35113, 36054, 37101, 37454, 37703, 38756, 38785, 38932, 39511, 39536, 40205, 40612, 40756, 41844, 42530, 43243, 43386, 43522, 43570, 43597, 43791, 44731, 44799, 44936, 45156, 46935, 47340, 47833, 48213, 49150, 49350, 50396, 50445, 51299, 51396, 51431, 51674, 52007, 52124, 53483, 53598, 53877, 54233, 54281, 54287, 54591, 55061, 55574, 55961, 56059, 56213, 56363, 56802, 57038, 57696, 58109, 58113, 58164, 59140, 59301, 59714, 59807, 60240, 60386, 61366, 61889, 62735, 63744, 64686, 65046, 65984, 66465, 66735, 67026, 68047, 68635, 68753, 69588, 69669, 70492, 71234, 72463, 72511, 72770, 73189, 74002, 74309, 76269, 78052, 79034, 79418, 79926, 80368, 81047, 83045, 83086, 83934, 84092, 84384, 85575, 85908, 86115, 89139, 91071, 91656, 92197, 92451, 92481, 92538, 93159, 94401, 94544, 94717, 96428, 97845, 98325, 98632, 98931],
[ 403, 1149, 2080, 2623, 2726, 2771, 3014, 4127, 5326, 7290, 8245, 8351, 8432, 8592, 8914, 9187, 9228, 9232, 9963, 9969, 9994, 11155, 11156, 11284, 11495, 11654, 12152, 12837, 13004, 13660, 15140, 15247, 16046, 16901, 17884, 19066, 19695, 19778, 19836, 19918, 20148, 20523, 21560, 22045, 22051, 23366, 23889, 24295, 24360, 25020, 25913, 26649, 26732, 26889, 27848, 28458, 28589, 28972, 29140, 29679, 29763, 30238, 30371, 31389, 32145, 32299, 33036, 33608, 34103, 34133, 35113, 36054, 37101, 37454, 37703, 38756, 38785, 38932, 39511, 39536, 40205, 40612, 40756, 41844, 42530, 43243, 43386, 43522, 43570, 43597, 43791, 44731, 44799, 44936, 45156, 45327, 46935, 47340, 47833, 48213, 49150, 49226, 49350, 50396, 50445, 51299, 51396, 51431, 51674, 52007, 52124, 53483, 53598, 53877, 54233, 54281, 54287, 54591, 55061, 55574, 55961, 56059, 56213, 56363, 56802, 57038, 57696, 58109, 58113, 58164, 59140, 59301, 59714, 59807, 60240, 60386, 61366, 61889, 62735, 63744, 63764, 64686, 65046, 65984, 66465, 66735, 67026, 68047, 68635, 68753, 69182, 69588, 69669, 70492, 71234, 72463, 72511, 72770, 73189, 74002, 74309, 76269, 78052, 79034, 79418, 79926, 80368, 80902, 81047, 83045, 83086, 83934, 84092, 84384, 85575, 85908, 86115, 89139, 91071, 91656, 91881, 92197, 92451, 92481, 92538, 93159, 94401, 94544, 94717, 95677, 96428, 97845, 98325, 98632, 98931],
[ 403, 1149, 2080, 2623, 2726, 2771, 3014, 4127, 5326, 7290, 8245, 8351, 8432, 8592, 8914, 9187, 9228, 9232, 9963, 9969, 9994, 11155, 11156, 11284, 11495, 11654, 12152, 12837, 13004, 13660, 15140, 15247, 16046, 16901, 17884, 19066, 19695, 19778, 19836, 19918, 20148, 20523, 21560, 22045, 22051, 23366, 23889, 24295, 24360, 25020, 25913, 26472, 26649, 26732, 26889, 27848, 28458, 28589, 28972, 29140, 29679, 29763, 30238, 30371, 31389, 32145, 32299, 32489, 33036, 33608, 34103, 34133, 35113, 36054, 37101, 37454, 37703, 38756, 38785, 38932, 39511, 39536, 40205, 40612, 40756, 41844, 42530, 43243, 43386, 43522, 43570, 43597, 43791, 44731, 44799, 44936, 45156, 45327, 46935, 47340, 47833, 48213, 49150, 49226, 49350, 50396, 50445, 51299, 51396, 51431, 51674, 52007, 52124, 52702, 53483, 53598, 53877, 54233, 54281, 54287, 54591, 55061, 55574, 55961, 56059, 56213, 56363, 56802, 57038, 57696, 58109, 58113, 58164, 59140, 59301, 59714, 59807, 60240, 60386, 61366, 61889, 62066, 62735, 63744, 63764, 64686, 65046, 65984, 66465, 66735, 67026, 68047, 68281, 68635, 68753, 69182, 69588, 69669, 70492, 71234, 72463, 72511, 72770, 73189, 74002, 74309, 76269, 78052, 79034, 79418, 79926, 80368, 80902, 81047, 81922, 83045, 83086, 83934, 84092, 84384, 85575, 85908, 86115, 89139, 91071, 91656, 91881, 92197, 92451, 92481, 92538, 92699, 93159, 94401, 94544, 94717, 95677, 96428, 97845, 98325, 98632, 98931],
[ 403, 1149, 2080, 2623, 2726, 2771, 3014, 4127, 5326, 7290, 8245, 8351, 8432, 8592, 8914, 9187, 9228, 9232, 9963, 9969, 9994, 11155, 11156, 11284, 11495, 11654, 12152, 12837, 13004, 13660, 15140, 15247, 16046, 16901, 17884, 19066, 19695, 19778, 19836, 19918, 20148, 20523, 21560, 21947, 22045, 22051, 23366, 23731, 23889, 24295, 24360, 25020, 25913, 26472, 26649, 26732, 26889, 27848, 28458, 28589, 28972, 29140, 29679, 29763, 30238, 30371, 31389, 32145, 32299, 32489, 33036, 33608, 34103, 34133, 35113, 36054, 37101, 37454, 37703, 38756, 38785, 38932, 39511, 39536, 40205, 40612, 40756, 41844, 42530, 43243, 43386, 43522, 43570, 43597, 43791, 44731, 44799, 44936, 45156, 45327, 46935, 47340, 47833, 48213, 49150, 49226, 49350, 50396, 50445, 51299, 51396, 51431, 51674, 52007, 52124, 52702, 53483, 53598, 53877, 54233, 54281, 54287, 54591, 55061, 55574, 55961, 56059, 56213, 56363, 56802, 57038, 57696, 58109, 58113, 58164, 59140, 59301, 59536, 59714, 59807, 60240, 60386, 61366, 61889, 62066, 62735, 63744, 63764, 64686, 65046, 65984, 66465, 66735, 67026, 68047, 68281, 68635, 68753, 69182, 69588, 69669, 70492, 71234, 72463, 72511, 72770, 72847, 73189, 74002, 74309, 75893, 76269, 77508, 78052, 79034, 79418, 79926, 80368, 80902, 81047, 81922, 83045, 83086, 83934, 84092, 84384, 85575, 85908, 86115, 89139, 91071, 91656, 91881, 92197, 92451, 92481, 92538, 92699, 93159, 94401, 94544, 94717, 95677, 96428, 97845, 98325, 98632, 98931],
[ 403, 1149, 2080, 2623, 2726, 2771, 3014, 4127, 5326, 7290, 8245, 8351, 8432, 8592, 8914, 9187, 9228, 9232, 9963, 9969, 9994, 11155, 11156, 11284, 11495, 11654, 12152, 12837, 13004, 13660, 15140, 15247, 16046, 16901, 17884, 19066, 19695, 19778, 19836, 19918, 20148, 20523, 21560, 21947, 22045, 22051, 23366, 23731, 23889, 24295, 24360, 25020, 25913, 26472, 26649, 26732, 26889, 27848, 27977, 28458, 28589, 28972, 29140, 29679, 29763, 30238, 30371, 31389, 32145, 32299, 32489, 33036, 33608, 34103, 34133, 35113, 36054, 37101, 37454, 37703, 38756, 38785, 38932, 39511, 39536, 40205, 40612, 40756, 41844, 42530, 43096, 43243, 43386, 43522, 43570, 43597, 43675, 43791, 44731, 44799, 44936, 45156, 45327, 46935, 47340, 47833, 48213, 49150, 49226, 49350, 50396, 50431, 50445, 51299, 51396, 51431, 51674, 52007, 52124, 52702, 53483, 53598, 53877, 54233, 54281, 54287, 54591, 55061, 55574, 55961, 56059, 56213, 56363, 56802, 57038, 57696, 58109, 58113, 58164, 59140, 59301, 59536, 59714, 59807, 60152, 60240, 60386, 61224, 61366, 61889, 62066, 62735, 63562, 63744, 63764, 64686, 65046, 65984, 66465, 66735, 67026, 68047, 68281, 68635, 68753, 69182, 69588, 69669, 70492, 71234, 72463, 72511, 72595, 72770, 72847, 73189, 74002, 74309, 75893, 76269, 77508, 78052, 79034, 79418, 79926, 80368, 80902, 81047, 81922, 83045, 83086, 83934, 84092, 84384, 85575, 85908, 86115, 86650, 89139, 91071, 91656, 91881, 92197, 92451, 92481, 92538, 92699, 93159, 94401, 94544, 94717, 95677, 96428, 97845, 98325, 98632, 98931],
[ 403, 1149, 2080, 2169, 2623, 2726, 2771, 3014, 4127, 5326, 7290, 8245, 8351, 8432, 8592, 8914, 9187, 9228, 9232, 9776, 9963, 9969, 9994, 11155, 11156, 11284, 11495, 11654, 12152, 12837, 13004, 13660, 15140, 15247, 16046, 16901, 17884, 19066, 19695, 19778, 19836, 19918, 20148, 20523, 21560, 21947, 22045, 22051, 23366, 23731, 23889, 24295, 24360, 25020, 25913, 26365, 26472, 26649, 26732, 26889, 27848, 27898, 27977, 28458, 28589, 28972, 29140, 29679, 29763, 30236, 30238, 30371, 31389, 32145, 32299, 32489, 33036, 33608, 34103, 34133, 34203, 35113, 36054, 37101, 37454, 37703, 38756, 38785, 38932, 39511, 39536, 40205, 40612, 40756, 41844, 42530, 43096, 43243, 43386, 43522, 43570, 43597, 43675, 43791, 44731, 44799, 44936, 45156, 45327, 46935, 47340, 47833, 48213, 49150, 49226, 49350, 50286, 50396, 50431, 50445, 51299, 51396, 51431, 51674, 52007, 52124, 52702, 53015, 53483, 53598, 53877, 54233, 54281, 54287, 54591, 55061, 55574, 55961, 55971, 56059, 56213, 56363, 56802, 57038, 57696, 58109, 58113, 58164, 59140, 59301, 59536, 59714, 59807, 60152, 60240, 60386, 61224, 61366, 61889, 62066, 62735, 63562, 63744, 63764, 64039, 64686, 65046, 65984, 66092, 66465, 66735, 67026, 68047, 68281, 68635, 68753, 69182, 69588, 69669, 70492, 71234, 71235, 71294, 72463, 72511, 72595, 72770, 72847, 73189, 74002, 74184, 74309, 75893, 76269, 77508, 78052, 79034, 79418, 79926, 80368, 80902, 81047, 81922, 83045, 83086, 83124, 83934, 84092, 84384, 85575, 85908, 86115, 86650, 89139, 89351, 91071, 91656, 91881, 92197, 92451, 92481, 92538, 92699, 93159, 94401, 94544, 94717, 95677, 96428, 97845, 98325, 98632, 98931],
[ 403, 1149, 1346, 2080, 2169, 2227, 2623, 2726, 2771, 3014, 4127, 5326, 7290, 8245, 8351, 8432, 8592, 8914, 9187, 9228, 9232, 9776, 9963, 9969, 9994, 11155, 11156, 11284, 11495, 11557, 11654, 11949, 12152, 12837, 13004, 13660, 13828, 15140, 15247, 16046, 16901, 17884, 19066, 19695, 19778, 19836, 19918, 20148, 20523, 21560, 21947, 22045, 22051, 23366, 23731, 23889, 24095, 24295, 24360, 25020, 25913, 26365, 26472, 26649, 26732, 26889, 27848, 27898, 27977, 28458, 28589, 28972, 29140, 29679, 29763, 30236, 30238, 30371, 30687, 31389, 32145, 32299, 32489, 33036, 33608, 34103, 34133, 34203, 35113, 36054, 37101, 37454, 37703, 38756, 38785, 38932, 39511, 39536, 40205, 40612, 40756, 40933, 41844, 42530, 43096, 43243, 43386, 43522, 43570, 43597, 43675, 43791, 43830, 44731, 44799, 44936, 45156, 45327, 45893, 46253, 46935, 47340, 47833, 48213, 49150, 49226, 49350, 50286, 50396, 50431, 50445, 51299, 51396, 51431, 51674, 52007, 52124, 52702, 53015, 53483, 53598, 53877, 54233, 54281, 54287, 54591, 55060, 55061, 55574, 55961, 55971, 56059, 56213, 56363, 56802, 57038, 57696, 58109, 58113, 58164, 59140, 59301, 59536, 59714, 59807, 60152, 60240, 60386, 61224, 61366, 61889, 62066, 62735, 63562, 63744, 63764, 64039, 64686, 65046, 65256, 65984, 66092, 66465, 66735, 67026, 68047, 68281, 68635, 68753, 69182, 69588, 69669, 70492, 71234, 71235, 71294, 72463, 72511, 72595, 72770, 72847, 73189, 74002, 74184, 74309, 75893, 76269, 77508, 78052, 79034, 79418, 79926, 80368, 80902, 81047, 81922, 83045, 83086, 83124, 83934, 84092, 84384, 85575, 85908, 86115, 86650, 86725, 89139, 89351, 91071, 91656, 91881, 92197, 92451, 92481, 92538, 92699, 93159, 94401, 94544, 94717, 95677, 96428, 97845, 98325, 98632, 98931]
]